539
497
448
500
545
499
457
516
529
479
462
546
537
457
470
530
527
467
494
553
522
465
503
560
512
485
540
585
519
477
540
556
485
463
540
548
474
476
545
547
461
462
536
523
448
486
545
503
457
504
542
475
423
519
601
604
681
817
874
751
626
575
516
434
468
550
521
444
475
540
503
433
496
548
497
440
504
545
471
447
529
537
473
4699
9
552
537
468
489
554
549
481
494
561
544
492
525
589
538
495
561
598
538
516
582
604
542
514
581
582
518
515
569
539
473
491
547
508
447
490
518
496
454
509
525
477
448
512
50440
434
506
504
439
452
533
521
446
473
539
514
445
470
520
495
448
495
535
478
440
496
524
466
456
520
529
462
450
516
515
453
475
527
487
439
492
548
497
423
477
539
488
453
504
528
480
454
508
522
464
459
531
522
465
482
537
520
459
491
545
503
452
510
555
498
450
510
537
474
440
516
542
479
486
547
522
460
464
541
529
459
496
559
513
466
522
573
530
486
539
571
501
474
535
563
486
476
531
532
457
467
534
518
451
483
562
535
447
476
543
516
467
489
532
499
529
685
777
768
778
806
691
500
472
541
529
456
474
529
499
440
483
522
494
456
511
538
492
481
533
534
481
462
527
542
470
461
561
547
469
492
569
538
494
541
610
546
490
554
602
537
512
576
605
544
507
589
600
536
524
589
575
499
504
574
535
468
491
543
494
441
482
532
482
434
498
525
472
439
498
516
452
437
510
520
453
462
525
497
436
461
531
484
440
486
548
485
460
511
529
462
432
496
529
459
446
520
520
443
474
527
508
449
471
539
514
436
477
531
486
444
500
529
467
442
528
536
459
432
527
535
475
477
529
512
438
467
537
505
451
482
538
503
460
502
540
489
451
515
553
474
454
527
539
470
466
551
539
471
505
584
537
468
520
575
516
471
512
556
499
460
521
540
468
453
528
537
466
454
537
528
469
490
546
508
430
463
560
581
619
747
847
803
700
636
538
438
426
505
544
478
460
521
525
464
456
524
504
455
492
547
501
444
513
555
488
439
515
552
496
480
536
554
490
498
573
574
494
494
578
561
500
532
603
572
494
537
599
554
504
577
607
534
510
558
575
490
492
561
531
457
464
533
502
425
464
546
505
445
470
521
471
418
496
528
464
438
502
523
459
442
506
531
457
476
527
520
461
458
527
505
445
487
533
488
436
487
533
480
437
513
557
477
436
515
549
466
456
524
516
445
466
533
498
438
481
537
486
432
489
550
495
450
521
551
478
450
517
523
457
457
537
524
446
456
537
513
456
487
538
497
456
506
554
498
447
494
553
482
457
539
551
473
470
547
539
490
513
581
552
475
501
561
528
468
496
547
487
448
512
553
480
455
506
523
473
466
553
556
464
464
528
501
442
490
613
677
701
811
876
771
606
550
538
465
435
510
534
473
467
530
533
456
471
535
521
452
479
534
495
444
494
539
497
443
518
566
510
468
540
561
514
492
560
562
504
519
579
559
495
536
606
579
504
535
607
564
518
577
618
543
492
544
568
493
476
541
543
476
457
535
521
437
448
511
498
448
474
521
490
422
474
530
483
454
504
527
475
440
503
504
447
460
537
534
439
448
524
502
453
489
551
507
438
483
541
482
433
496
537
479
449
502
521
457
443
538
545
445
474
550
524
456
464
534
510
449
494
546
491
439
515
549
482
469
528
542
490
454
518
530
460
469
540
537
453
468
532
509
461
489
545
504
473
515
562
490
446
524
560
488
462
532
536
475
506
573
551
487
497
570
529
474
516
556
505
452
507
545
484
445
520
545
468
437
528
540
474
468
530
528
455
460
545
580
595
700
841
824
730
688
616
466
413
478
528
474
444
532
531
457
459
542
530
464
471
535
516
465
476
545
508
459
501
541
494
475
534
571
506
488
547
566
501
514
579
566
512
529
582
556
507
540
618
576
512
553
602
547
498
557
594
528
477
526
541
473
462
522
525
459
457
522
490
418
457
514
501
438
462
524
466
438
488
533
482
428
487
521
460
449
515
524
459
455
519
512
441
467
534
494
439
486
536
489
427
486
540
480
440
507
546
469
444
510
537
456
465
546
527
449
462
532
502
453
509
525
473
432
494
563
498
445
513
531
472
458
534
551
476
443
523
528
445
470
540
526
457
490
548
512
458
511
571
506
457
526
572
506
474
541
565
474
467
550
541
471
470
544
526
461
485
539
504
465
496
543
500
450
502
531
474
443
510
577
560
636
769
825
773
715
645
516
425
453
522
500
453
487
534
489
428
490
523
495
451
517
544
462
439
526
547
479
468
545
523
450
487
553
547
482
520
571
522
499
561
592
532
502
577
595
540
510
569
584
519
529
600
592
525
545
598
555
487
522
572
507
455
496
532
469
424
485
542
481
447
517
533
448
448
520
513
449
464
524
494
434
480
535
490
444
491
543
496
442
493
530
477
445
522
536
459
449
520
512
463
490
545
509
457
486
543
494
419
491
549
499
449
509
538
473
437
517
552
484
463
520
510
453
475
547
516
440
480
542
524
469
501
551
493
460
517
542
465
444
518
554
482
467
534
535
476
464
535
522
466
487
550
521
473
523
576
510
464
528
579
522
483
549
556
487
476
550
548
467
464
545
534
460
467
535
520
460
504
551
506
452
497
534
486
433
505
572
550
621
786
853
795
724
671
551
454
474
545
515
464
495
525
488
444
482
535
479
452
514
538
470
454
530
528
467
491
548
519
453
488
567
538
477
508
570
527
482
549
591
545
507
565
584
520
507
573
612
527
529
601
575
516
527
590
558
480
505
565
514
446
486
541
499
432
497
541
476
424
486
505
457
451
508
519
445
440
520
501
436
467
525
507
446
488
531
476
427
485
524
471
429
509
549
457
433
517
503
452
456
530
520
443
476
532
498
437
472
530
486
424
505
540
475
425
487
554
479
454
518
529
456
453
531
522
448
468
541
507
444
477
530
487
458
514
561
504
446
507
528
476
464
530
546
472
446
533
544
465
479
541
519
460
503
568
511
484
561
569
510
461
527
548
490
469
539
551
477
470
537
517
446
462
550
539
455
476
565
517
445
491
537
486
454
553
670
702
737
821
820
664
510
514
495
446
462
550
526
456
464
533
504
441
496
553
489
440
519
550
492
463
519
543
476
465
539
549
478
486
568
550
480
505
591
566
491
544
604
547
508
554
601
544
509
575
610
556
529
586
582
527
534
586
559
478
480
536
506
453
491
534
484
441
494
530
474
449
501
510
448
426
503
513
437
434
507
509
455
467
529
507
437
490
554
488
427
475
537
487
438
494
525
462
440
510
533
466
454
531
529
446
460
526
512
451
470
542
496
438
491
543
499
461
506
525
488
461
503
531
484
463
528
523
461
466
532
518
458
498
553
520
453
485
551
502
451
506
548
497
467
511
532
470
463
534
537
477
485
560
532
472
519
575
531
486
505
562
524
463
512
548
500
456
506
545
489
454
509
539
467
466
546
522
457
471
543
518
437
476
583
616
659
762
857
800
669
599
558
470
448
526
535
465
455
521
515
443
469
535
508
449
487
548
514
447
503
550
495
449
525
554
487
462
546
562
501
495
566
564
506
517
588
573
501
519
603
568
511
551
599
553
513
571
611
541
504
557
578
505
481
550
545
466
460
520
501
440
470
523
485
426
480
517
465
424
486
527
469
433
495
523
455
442
507
510
432
451
525
500
443
467
535
496
450
489
537
482
424
475
531
472
433
493
516
465
441
507
522
441
466
537
524
432
452
524
505
438
468
530
497
455
492
550
488
436
509
530
473
452
518
528
455
456
536
526
446
462
541
521
460
477
539
498
439
505
563
495
453
511
536
475
454
527
546
476
481
557
549
496
534
563
529
466
501
565
516
461
504
553
499
455
510
548
480
450
514
537
473
474
544
526
459
478
526
485
437
530
673
717
739
818
834
669
510
501
524
471
450
509
528
456
452
512
521
451
460
537
530
443
476
545
519
457
509
566
508
442
506
545
500
462
538
571
499
493
580
583
514
524
593
569
509
542
600
564
512
558
607
558
502
564
604
558
507
559
561
483
455
525
537
465
458
517
517
442
446
524
511
438
472
527
486
441
480
523
465
426
481
531
451
452
534
535
460
450
524
526
452
472
533
506

